Num	Sym	Element	Group	Weight	Density	Melting	Boiling	Heat	Electronegativity	  Radius
1	H	Hydrogen	1	1.008	0.00008988	14.01	20.28	14.304	2.2	53
2	He	Helium	18	4.002602	0.0001785	0.956	4.22	5.193	nodata	31
3	Li	Lithium	1	6.94	0.534	453.69	1560	3.582	0.98	167
4	Be	Beryllium	2	9.012182	1.85	1560	2742	1.825	1.57	112
5	B	Boron	13	10.81	2.34	2349	4200	1.026	2.04	87
6	C	Carbon	14	12.011	2.267	3800	4300	0.709	2.55	67
7	N	Nitrogen	15	14.007	0.0012506	63.15	77.36	1.04	3.04	56
8	O	Oxygen	16	15.999	0.001429	54.36	90.2	0.918	3.44	48
9	F	Fluorine	17	18.9984032	0.001696	53.53	85.03	0.824	3.98	42
10	Ne	Neon	18	20.1797	0.0008999	24.56	27.07	1.03	nodata	38
11	Na	Sodium	1	22.98976928	0.971	370.87	1156	1.228	0.93	190
12	Mg	Magnesium	2	24.3059	1.738	923	1363	1.023	1.31	145
13	Al	Aluminium	13	26.9815386	2.698	933.47[3]	2792	0.897	1.61	118
14	Si	Silicon	14	28.085	2.3296	1687	3538	0.705	1.9	111
15	P	Phosphorus	15	30.973762	1.82	317.3	550	0.769	2.19	98
16	S	Sulfur	16	32.06	2.067	388.36	717.87	0.71	2.58	88
17	Cl	Chlorine	17	35.45	0.003214	171.6	239.11	0.479	3.16	79
18	Ar	Argon	18	39.948	0.0017837	83.8	87.3	0.52	nodata	71
19	K	Potassium	1	39.0983	0.862	336.53	1032	0.757	0.82	243
20	Ca	Calcium	2	40.078	1.54	1115	1757	0.647	1	194
21	Sc	Scandium	3	44.955912(6)	2.989	1814	3109	0.568	1.36	184
22	Ti	Titanium	4	47.867(1)	4.54	1941	3560	0.523	1.54	176
23	V	Vanadium	5	50.9415(1)	6.11	2183	3680	0.489	1.63	171
24	Cr	Chromium	6	51.9961(6)	7.15	2180	2944	0.449	1.66	166
25	Mn	Manganese	7	54.938045(5)	7.44	1519	2334	0.479	1.55	161
26	Fe	Iron	8	55.845(2)	7.874	1811	3134	0.449	1.83	156
27	Co	Cobalt	9	58.933195(5)	8.86	1768	3200	0.421	1.88	152
28	Ni	Nickel	10	58.6934(4)	8.912	1728	3186	0.444	1.91	149
29	Cu	Copper	11	63.546(3)4	8.96	1357.77[3]	2835	0.385	1.9	145
30	Zn	Zinc	12	65.38(2)	7.134	692.88	1180	0.388	1.65	142
31	Ga	Gallium	13	69.723(1)	5.907	302.9146	2477	0.371	1.81	136
32	Ge	Germanium	14	72.630(8)	5.323	1211.4	3106	0.32	2.01	125
33	As	Arsenic	15	74.92160(2)	5.776	1090	887	0.329	2.18	114
34	Se	Selenium	16	78.96(3)4	4.809	453	958	0.321	2.55	103
35	Br	Bromine	17	79.9049	3.122	265.8	332	0.474	2.96	94
36	Kr	Krypton	18	83.798(2)2	0.003733	115.79	119.93	0.248	3	88
37      Rb      Rubidium        1       85.4678     1.532       312.46      961     0.363       0.82        265
38	Sr	Strontium	2	87.62(1)2	2.64	1050	1655	0.301	0.95	219
39	Y	Yttrium	3	88.90585	4.469	1799	3609	0.298	1.22	212
40	Zr	Zirconium	4	91.224(2)2	6.506	2128	4682	0.278	1.33	206
41	Nb	Niobium	5	92.90638(2)	8.57	2750	5017	0.265	1.6	198
42	Mo	Molybdenum	6	95.96(2)2	10.22	2896	4912	0.251	2.16	190
43	Tc	Technetium	7	[98]1	11.5	2430	4538	nodata	1.9	183
44	Ru	Ruthenium	8	101.07(2)2	12.37	2607	4423	0.238	2.2	178
45	Rh	Rhodium	9	102.90550(2)	12.41	2237	3968	0.243	2.28	173
46	Pd	Palladium	10	106.42(1)2	12.02	1828.05	3236	0.244	2.2	169
47	Ag	Silver	11	107.8682(2)2	10.501	1234.93[3]	2435	0.235	1.93	165
48	Cd	Cadmium	12	112.411(8)2	8.69	594.22	1040	0.232	1.69	161
49	In	Indium	13	114.818(1)	7.31	429.75	2345	0.233	1.78	156
50	Sn	Tin	14	118.710(7)2	7.287	505.08	2875	0.228	1.96	145
51	Sb	Antimony	15	121.760(1)2	6.685	903.78	1860	0.207	2.05	133
52	Te	Tellurium	16	127.60(3)2	6.232	722.66	1261	0.202	2.1	123
53	I	Iodine	17	126.90447(3)	4.93	386.85	457.4	0.214	2.66	115
54	Xe	Xenon	18	131.293(6)2	0.005887	161.4	165.03	0.158	2.6	108
55	Cs	Caesium	1	132.9054519(2)	1.873	301.59	944	0.242	0.79	298
56	Ba	Barium	2	137.327(7)	3.594	1000	2170	0.204	0.89	253
57	La	Lanthanum	0	138.90547(7)2	6.145	1193	3737	0.195	1.1	nodata
58	Ce	Cerium	0	140.116(1)2	6.77	1068	3716	0.192	1.12	nodata
59	Pr	Praseodymium	0	140.90765(2)	6.773	1208	3793	0.193	1.13	247
60	Nd	Neodymium	0	144.242(3)2	7.007	1297	3347	0.19	1.14	206
61	Pm	Promethium	0	[145]1	7.26	1315	3273	nodata	1.13	205
62	Sm	Samarium	0	150.36(2)2	7.52	1345	2067	0.197	1.17	238
63	Eu	Europium	0	151.964(1)2	5.243	1099	1802	0.182	1.2	231
64	Gd	Gadolinium	0	157.25(3)2	7.895	1585	3546	0.236	1.2	233
65	Tb	Terbium	0	158.92535(2)	8.229	1629	3503	0.182	1.2	225
66	Dy	Dysprosium	0	162.500(1)2	8.55	1680	2840	0.17	1.22	228
67	Ho	Holmium	0	164.93032(2)	8.795	1734	2993	0.165	1.23	nodata
68	Er	Erbium	0	167.259(3)2	9.066	1802	3141	0.168	1.24	226
69	Tm	Thulium	0	168.93421(2)	9.321	1818	2223	0.16	1.25	222
70	Yb	Ytterbium	0	173.054(5)2	6.965	1097	1469	0.155	1.1	222
71	Lu	Lutetium	3	174.9668(1)2	9.84	1925	3675	0.154	1.27	217
72	Hf	Hafnium	4	178.49(2)	13.31	2506	4876	0.144	1.3	208
73	Ta	Tantalum	5	180.94788(2)	16.654	3290	5731	0.14	1.5	200
74	W	Tungsten	6	183.84(1)	19.25	3695	5828	0.132	2.36	193
75	Re	Rhenium	7	186.207(1)	21.02	3459	5869	0.137	1.9	188
76	Os	Osmium	8	190.23(3)2	22.61	3306	5285	0.13	2.2	185
77	Ir	Iridium	9	192.217(3)	22.56	2719	4701	0.131	2.2	180
78	Pt	Platinum	10	195.084(9)	21.46	2041.4[3]	4098	0.133	2.28	177
79	Au	Gold	11	196.966569(4)	19.282	1337.33[3]	3129	0.129	2.54	174
80	Hg	Mercury	12	200.592(3)	13.5336	234.43	629.88	0.14	2	171
81	Tl	Thallium	13	204.389	11.85	577	1746	0.129	1.62	156
82	Pb	Lead	14	207.2(1)2	11.342	600.61	2022	0.129	1.87	154
83	Bi	Bismuth	15	208.98040(1)1	9.807	544.7	1837	0.122	2.02	143
84	Po	Polonium	16	[209]1	9.32	527	1235	nodata	2	135
85	At	Astatine	17	[210]1	7	575	610	nodata	2.2	nodata
86	Rn	Radon	18	[222]1	0.00973	202	211.3	0.094	2.2	120
87	Fr	Francium	1	[223]1	1.87	300	950	nodata	0.7	nodata
88	Ra	Radium	2	[226]1	5.5	973	2010	0.094	0.9	nodata
89	Ac	Actinium	0	[227]1	10.07	1323	3471	0.12	1.1	nodata
90	Th	Thorium	0	232.03806(2)12	11.72	2115	5061	0.113	1.3	nodata
91	Pa	Protactinium	0	231.03588(2)1	15.37	1841	4300	nodata	1.5	nodata
92	U	Uranium	0	238.02891(3)1	18.95	1405.3	4404	0.116	1.38	nodata
93	Np	Neptunium	0	[237]1	20.45	917	4273	nodata	1.36	nodata
94	Pu	Plutonium	0	[244]1	19.84	912.5	3501	nodata	1.28	nodata
95	Am	Americium	0	[243]1	13.69	1449	2880	nodata	1.13	nodata
96	Cm	Curium	0	[247]1	13.51	1613	3383	nodata	1.28	nodata
97	Bk	Berkelium	0	[247]1	14.79	1259	2900	nodata	1.3	nodata
98	Cf	Californium	0	[251]1	15.1	1173	(1743)11	nodata	1.3	nodata
99	Es	Einsteinium	0	[252]1	8.84	1133	(1269)11	nodata	1.3	nodata
100	Fm	Fermium	0	[257]1	nodata	(1125)11	nodata	nodata	1.3	nodata
101	Md	Mendelevium	0	[258]1	nodata	(1100)11	nodata	nodata	1.3	nodata
102	No	Nobelium	0	[259]1	nodata	(1100)11	nodata	nodata	1.3	nodata
103	Lr	Lawrencium	3	[262]1	nodata	(1900)11	nodata	nodata	1.3	nodata
104	Rf	Rutherfordium	4	[267]1	(23.2)11	(2400)11	(5800)11	nodata	nodata	nodata
105	Db	Dubnium	5	[268]1	(29.3)11	nodata	nodata	nodata	nodata	nodata
106	Sg	Seaborgium	6	[269]1	(35.0)11	nodata	nodata	nodata	nodata	nodata
107	Bh	Bohrium	7	[270]1	(37.1)11	nodata	nodata	nodata	nodata	nodata
108	Hs	Hassium	8	[269]1	(40.7)11	nodata	nodata	nodata	nodata	nodata
109	Mt	Meitnerium	9	[278]1	(37.4)11	nodata	nodata	nodata	nodata	nodata
110	Ds	Darmstadtium	10	[281]1	(34.8)11	nodata	nodata	nodata	nodata	nodata
111	Rg	Roentgenium	11	[281]1	(28.7)11	nodata	nodata	nodata	nodata	nodata
112	Cn	Copernicium	12	[285]1	(23.7)11	nodata	357 	nodata	nodata	nodata
113	Uut	Ununtrium	13	[286]1	(16)11	(700)11	(1400)11	nodata	nodata	nodata
114	Fl	Flerovium	14	[289]1	(14)11	(340)11	(420)11	nodata	nodata	nodata
115	Uup	Ununpentium	15	[288]1	(13.5)11	(700)11	(1400)11	nodata	nodata	nodata
116	Lv	Livermorium	16	[293]1	(12.9)11	(708.5)11	(1085)11	nodata	nodata	nodata
117	Uus	Ununseptium	17	[294]1	(7.2)11	(673)11	(823)11	nodata	nodata	nodata
118	Uuo	Ununoctium	18	[294]1	(5.0)11	(258)11	(263)11	nodata	nodata	nodata